data: {"type":"RF Data","remote16":{"dec":[0,7],"hex":"0007"},"RSSI":72,"options":0,"raw_data":[5,162,10,30,0,125,51,0,35,10,92,10,86,12,94,0,0,0,0,0],"data":"\u0005¢\n\u001e\u0000}3\u0000#\n\\\nV\f^\u0000\u0000\u0000\u0000\u0000","bytes":[129,0,7,72,0,5,162,10,30,0,125,51,0,35,10,92,10,86,12,94,0,0,0,0,0],"values":[1442,2590,125,13056,8970,23562,22028,24064,0,0]}
From: 0007 Recieved:  1442,2590,125,13056,8970,23562,22028,24064,0,0 1367023687335

data: {"type":"RF Data","remote16":{"dec":[0,125],"hex":"007d"},"RSSI":51,"options":67,"raw_data":[0,5,181,10,42,0,16,0,23,3,172,3,175,4,108,0,0,0,0,0],"data":"\u0000\u0005µ\n*\u0000\u0010\u0000\u0017\u0003¬\u0003¯\u0004l\u0000\u0000\u0000\u0000\u0000","bytes":[129,0,125,51,67,0,5,181,10,42,0,16,0,23,3,172,3,175,4,108,0,0,0,0,0],"values":[5,46346,10752,4096,5891,44035,44804,27648,0,0]}
From: 007d Recieved:  5,46346,10752,4096,5891,44035,44804,27648,0,0 1367023689452

data: {"type":"RF Data","remote16":{"dec":[0,7],"hex":"0007"},"RSSI":71,"options":0,"raw_data":[6,7,9,93,0,16,0,95,10,86,10,95,12,80,0,0,0,0,0,0],"data":"\u0006\u0007\t]\u0000\u0010\u0000_\nV\n_\fP\u0000\u0000\u0000\u0000\u0000\u0000","bytes":[129,0,7,71,0,6,7,9,93,0,16,0,95,10,86,10,95,12,80,0,0,0,0,0,0],"values":[1543,2397,16,95,2646,2655,3152,0,0,0]}
From: 0007 Recieved:  1543,2397,16,95,2646,2655,3152,0,0,0 1367023691113

data: {"type":"RF Data","remote16":{"dec":[0,125],"hex":"007d"},"RSSI":51,"options":63,"raw_data":[0,6,109,9,9,0,125,49,0,22,3,171,3,174,4,107,0,0,0,0],"data":"\u0000\u0006m\t\t\u0000}1\u0000\u0016\u0003«\u0003®\u0004k\u0000\u0000\u0000\u0000","bytes":[129,0,125,51,63,0,6,109,9,9,0,125,49,0,22,3,171,3,174,4,107,0,0,0,0],"values":[6,27913,2304,32049,22,939,942,1131,0,0]}
From: 007d Recieved:  6,27913,2304,32049,22,939,942,1131,0,0 1367023693228

data: {"type":"RF Data","remote16":{"dec":[0,7],"hex":"0007"},"RSSI":70,"options":0,"raw_data":[6,148,8,100,0,16,0,103,10,70,10,94,12,92,0,0,0,0,0,0],"data":"\u0006\bd\u0000\u0010\u0000g\nF\n^\f\\\u0000\u0000\u0000\u0000\u0000\u0000","bytes":[129,0,7,70,0,6,148,8,100,0,16,0,103,10,70,10,94,12,92,0,0,0,0,0,0],"values":[1684,2148,16,103,2630,2654,3164,0,0,0]}
From: 0007 Recieved:  1684,2148,16,103,2630,2654,3164,0,0,0 1367023694892

data: {"type":"RF Data","remote16":{"dec":[0,125],"hex":"007d"},"RSSI":51,"options":63,"raw_data":[0,6,24,10,72,0,16,0,27,3,172,3,174,4,107,0,0,0,0,0],"data":"\u0000\u0006\u0018\nH\u0000\u0010\u0000\u001b\u0003¬\u0003®\u0004k\u0000\u0000\u0000\u0000\u0000","bytes":[129,0,125,51,63,0,6,24,10,72,0,16,0,27,3,172,3,174,4,107,0,0,0,0,0],"values":[6,6154,18432,4096,6915,44035,44548,27392,0,0]}
From: 007d Recieved:  6,6154,18432,4096,6915,44035,44548,27392,0,0 1367023697003

data: {"type":"RF Data","remote16":{"dec":[0,7],"hex":"0007"},"RSSI":70,"options":0,"raw_data":[6,170,9,93,0,125,49,0,66,10,86,10,98,12,121,0,0,0,0,0],"data":"\u0006ª\t]\u0000}1\u0000B\nV\nb\fy\u0000\u0000\u0000\u0000\u0000","bytes":[129,0,7,70,0,6,170,9,93,0,125,49,0,66,10,86,10,98,12,121,0,0,0,0,0],"values":[1706,2397,125,12544,16906,22026,25100,30976,0,0]}
From: 0007 Recieved:  1706,2397,125,12544,16906,22026,25100,30976,0,0 1367023698673

data: {"type":"RF Data","remote16":{"dec":[0,125],"hex":"007d"},"RSSI":51,"options":64,"raw_data":[0,6,101,9,1,0,16,0,25,3,173,3,175,4,108,0,0,0,0,0],"data":"\u0000\u0006e\t\u0001\u0000\u0010\u0000\u0019\u0003­\u0003¯\u0004l\u0000\u0000\u0000\u0000\u0000","bytes":[129,0,125,51,64,0,6,101,9,1,0,16,0,25,3,173,3,175,4,108,0,0,0,0,0],"values":[6,25865,256,4096,6403,44291,44804,27648,0,0]}
From: 007d Recieved:  6,25865,256,4096,6403,44291,44804,27648,0,0 1367023700779

data: {"type":"RF Data","remote16":{"dec":[0,7],"hex":"0007"},"RSSI":70,"options":0,"raw_data":[6,111,10,67,0,125,49,0,70,10,77,10,86,12,101,0,0,0,0,0],"data":"\u0006o\nC\u0000}1\u0000F\nM\nV\fe\u0000\u0000\u0000\u0000\u0000","bytes":[129,0,7,70,0,6,111,10,67,0,125,49,0,70,10,77,10,86,12,101,0,0,0,0,0],"values":[1647,2627,125,12544,17930,19722,22028,25856,0,0]}
From: 0007 Recieved:  1647,2627,125,12544,17930,19722,22028,25856,0,0 1367023702453

data: {"type":"RF Data","remote16":{"dec":[0,125],"hex":"007d"},"RSSI":51,"options":63,"raw_data":[0,5,235,10,106,0,16,0,24,3,174,3,177,4,110,0,0,0,0,0],"data":"\u0000\u0005ë\nj\u0000\u0010\u0000\u0018\u0003®\u0003±\u0004n\u0000\u0000\u0000\u0000\u0000","bytes":[129,0,125,51,63,0,5,235,10,106,0,16,0,24,3,174,3,177,4,110,0,0,0,0,0],"values":[5,60170,27136,4096,6147,44547,45316,28160,0,0]}
From: 007d Recieved:  5,60170,27136,4096,6147,44547,45316,28160,0,0 1367023704555

data: {"type":"RF Data","remote16":{"dec":[0,7],"hex":"0007"},"RSSI":73,"options":0,"raw_data":[6,68,10,91,0,125,49,0,82,10,92,10,92,12,109,0,0,0,0,0],"data":"\u0006D\n[\u0000}1\u0000R\n\\\n\\\fm\u0000\u0000\u0000\u0000\u0000","bytes":[129,0,7,73,0,6,68,10,91,0,125,49,0,82,10,92,10,92,12,109,0,0,0,0,0],"values":[1604,2651,125,12544,21002,23562,23564,27904,0,0]}
From: 0007 Recieved:  1604,2651,125,12544,21002,23562,23564,27904,0,0 1367023706235

data: {"type":"RF Data","remote16":{"dec":[0,125],"hex":"007d"},"RSSI":51,"options":63,"raw_data":[0,6,124,9,32,0,16,0,25,3,174,3,177,4,110,0,0,0,0,0],"data":"\u0000\u0006|\t \u0000\u0010\u0000\u0019\u0003®\u0003±\u0004n\u0000\u0000\u0000\u0000\u0000","bytes":[129,0,125,51,63,0,6,124,9,32,0,16,0,25,3,174,3,177,4,110,0,0,0,0,0],"values":[6,31753,8192,4096,6403,44547,45316,28160,0,0]}
From: 007d Recieved:  6,31753,8192,4096,6403,44547,45316,28160,0,0 1367023708329

data: {"type":"RF Data","remote16":{"dec":[0,7],"hex":"0007"},"RSSI":72,"options":0,"raw_data":[5,219,9,179,0,18,0,61,10,92,10,85,12,97,0,0,0,0,0,0],"data":"\u0005Û\t³\u0000\u0012\u0000=\n\\\nU\fa\u0000\u0000\u0000\u0000\u0000\u0000","bytes":[129,0,7,72,0,5,219,9,179,0,18,0,61,10,92,10,85,12,97,0,0,0,0,0,0],"values":[1499,2483,18,61,2652,2645,3169,0,0,0]}
From: 0007 Recieved:  1499,2483,18,61,2652,2645,3169,0,0,0 1367023710014

data: {"type":"RF Data","remote16":{"dec":[0,125],"hex":"007d"},"RSSI":51,"options":66,"raw_data":[0,6,5,10,95,0,16,0,22,3,174,3,176,4,110,0,0,0,0,0],"data":"\u0000\u0006\u0005\n_\u0000\u0010\u0000\u0016\u0003®\u0003°\u0004n\u0000\u0000\u0000\u0000\u0000","bytes":[129,0,125,51,66,0,6,5,10,95,0,16,0,22,3,174,3,176,4,110,0,0,0,0,0],"values":[6,1290,24320,4096,5635,44547,45060,28160,0,0]}
From: 007d Recieved:  6,1290,24320,4096,5635,44547,45060,28160,0,0 1367023712104

data: {"type":"RF Data","remote16":{"dec":[0,7],"hex":"0007"},"RSSI":70,"options":0,"raw_data":[6,99,8,194,0,125,49,0,106,10,97,10,101,12,93,0,0,0,0,0],"data":"\u0006c\bÂ\u0000}1\u0000j\na\ne\f]\u0000\u0000\u0000\u0000\u0000","bytes":[129,0,7,70,0,6,99,8,194,0,125,49,0,106,10,97,10,101,12,93,0,0,0,0,0],"values":[1635,2242,125,12544,27146,24842,25868,23808,0,0]}
From: 0007 Recieved:  1635,2242,125,12544,27146,24842,25868,23808,0,0 1367023713794

data: {"type":"RF Data","remote16":{"dec":[0,125],"hex":"007d"},"RSSI":51,"options":64,"raw_data":[0,6,53,8,56,0,16,0,22,3,173,3,177,4,110,0,0,0,0,0],"data":"\u0000\u00065\b8\u0000\u0010\u0000\u0016\u0003­\u0003±\u0004n\u0000\u0000\u0000\u0000\u0000","bytes":[129,0,125,51,64,0,6,53,8,56,0,16,0,22,3,173,3,177,4,110,0,0,0,0,0],"values":[6,13576,14336,4096,5635,44291,45316,28160,0,0]}
From: 007d Recieved:  6,13576,14336,4096,5635,44291,45316,28160,0,0 1367023715879

data: {"type":"RF Data","remote16":{"dec":[0,7],"hex":"0007"},"RSSI":73,"options":0,"raw_data":[6,164,8,170,0,16,0,85,10,95,10,91,12,96,0,0,0,0,0,0],"data":"\u0006¤\bª\u0000\u0010\u0000U\n_\n[\f`\u0000\u0000\u0000\u0000\u0000\u0000","bytes":[129,0,7,73,0,6,164,8,170,0,16,0,85,10,95,10,91,12,96,0,0,0,0,0,0],"values":[1700,2218,16,85,2655,2651,3168,0,0,0]}
From: 0007 Recieved:  1700,2218,16,85,2655,2651,3168,0,0,0 1367023717575

data: {"type":"RF Data","remote16":{"dec":[0,125],"hex":"007d"},"RSSI":51,"options":62,"raw_data":[0,6,0,10,23,0,16,0,27,3,173,3,176,4,109,0,0,0,0,0],"data":"\u0000\u0006\u0000\n\u0017\u0000\u0010\u0000\u001b\u0003­\u0003°\u0004m\u0000\u0000\u0000\u0000\u0000","bytes":[129,0,125,51,62,0,6,0,10,23,0,16,0,27,3,173,3,176,4,109,0,0,0,0,0],"values":[6,10,5888,4096,6915,44291,45060,27904,0,0]}
From: 007d Recieved:  6,10,5888,4096,6915,44291,45060,27904,0,0 1367023719656

data: {"type":"RF Data","remote16":{"dec":[0,7],"hex":"0007"},"RSSI":70,"options":0,"raw_data":[6,188,9,117,0,125,49,0,47,10,86,10,101,12,91,0,0,0,0,0],"data":"\u0006¼\tu\u0000}1\u0000/\nV\ne\f[\u0000\u0000\u0000\u0000\u0000","bytes":[129,0,7,70,0,6,188,9,117,0,125,49,0,47,10,86,10,101,12,91,0,0,0,0,0],"values":[1724,2421,125,12544,12042,22026,25868,23296,0,0]}
From: 0007 Recieved:  1724,2421,125,12544,12042,22026,25868,23296,0,0 1367023721355

data: {"type":"RF Data","remote16":{"dec":[0,125],"hex":"007d"},"RSSI":51,"options":63,"raw_data":[0,6,49,9,158,0,16,0,24,3,172,3,175,4,108,0,0,0,0,0],"data":"\u0000\u00061\t\u0000\u0010\u0000\u0018\u0003¬\u0003¯\u0004l\u0000\u0000\u0000\u0000\u0000","bytes":[129,0,125,51,63,0,6,49,9,158,0,16,0,24,3,172,3,175,4,108,0,0,0,0,0],"values":[6,12553,40448,4096,6147,44035,44804,27648,0,0]}
From: 007d Recieved:  6,12553,40448,4096,6147,44035,44804,27648,0,0 1367023723432

data: {"type":"RF Data","remote16":{"dec":[0,7],"hex":"0007"},"RSSI":70,"options":0,"raw_data":[6,186,10,128,0,125,49,0,66,10,86,10,101,12,91,0,0,0,0,0],"data":"\u0006º\n\u0000}1\u0000B\nV\ne\f[\u0000\u0000\u0000\u0000\u0000","bytes":[129,0,7,70,0,6,186,10,128,0,125,49,0,66,10,86,10,101,12,91,0,0,0,0,0],"values":[1722,2688,125,12544,16906,22026,25868,23296,0,0]}
From: 0007 Recieved:  1722,2688,125,12544,16906,22026,25868,23296,0,0 1367023725135

data: {"type":"RF Data","remote16":{"dec":[0,125],"hex":"007d"},"RSSI":51,"options":61,"raw_data":[0,6,136,10,59,0,16,0,26,3,171,3,175,4,107,0,0,0,0,0],"data":"\u0000\u0006\n;\u0000\u0010\u0000\u001a\u0003«\u0003¯\u0004k\u0000\u0000\u0000\u0000\u0000","bytes":[129,0,125,51,61,0,6,136,10,59,0,16,0,26,3,171,3,175,4,107,0,0,0,0,0],"values":[6,34826,15104,4096,6659,43779,44804,27392,0,0]}
From: 007d Recieved:  6,34826,15104,4096,6659,43779,44804,27392,0,0 1367023727207

data: {"type":"RF Data","remote16":{"dec":[0,7],"hex":"0007"},"RSSI":72,"options":0,"raw_data":[5,155,10,34,0,16,0,31,10,80,10,91,12,104,0,0,0,0,0,0],"data":"\u0005\n\"\u0000\u0010\u0000\u001f\nP\n[\fh\u0000\u0000\u0000\u0000\u0000\u0000","bytes":[129,0,7,72,0,5,155,10,34,0,16,0,31,10,80,10,91,12,104,0,0,0,0,0,0],"values":[1435,2594,16,31,2640,2651,3176,0,0,0]}
From: 0007 Recieved:  1435,2594,16,31,2640,2651,3176,0,0,0 1367023728914

data: {"type":"RF Data","remote16":{"dec":[0,125],"hex":"007d"},"RSSI":51,"options":70,"raw_data":[0,5,181,9,51,0,16,0,22,3,172,3,175,4,108,0,0,0,0,0],"data":"\u0000\u0005µ\t3\u0000\u0010\u0000\u0016\u0003¬\u0003¯\u0004l\u0000\u0000\u0000\u0000\u0000","bytes":[129,0,125,51,70,0,5,181,9,51,0,16,0,22,3,172,3,175,4,108,0,0,0,0,0],"values":[5,46345,13056,4096,5635,44035,44804,27648,0,0]}
From: 007d Recieved:  5,46345,13056,4096,5635,44035,44804,27648,0,0 1367023730982

data: {"type":"RF Data","remote16":{"dec":[0,7],"hex":"0007"},"RSSI":72,"options":0,"raw_data":[6,125,93,9,14,0,16,0,35,10,90,10,94,12,113,0,0,0,0,0],"data":"\u0006}]\t\u000e\u0000\u0010\u0000#\nZ\n^\fq\u0000\u0000\u0000\u0000\u0000","bytes":[129,0,7,72,0,6,125,93,9,14,0,16,0,35,10,90,10,94,12,113,0,0,0,0,0],"values":[1661,23817,3584,4096,8970,23050,24076,28928,0,0]}
From: 0007 Recieved:  1661,23817,3584,4096,8970,23050,24076,28928,0,0 1367023732695

data: {"type":"RF Data","remote16":{"dec":[0,125],"hex":"007d"},"RSSI":51,"options":72,"raw_data":[0,6,154,10,63,0,16,0,30,3,172,3,175,4,108,0,0,0,0,0],"data":"\u0000\u0006\n?\u0000\u0010\u0000\u001e\u0003¬\u0003¯\u0004l\u0000\u0000\u0000\u0000\u0000","bytes":[129,0,125,51,72,0,6,154,10,63,0,16,0,30,3,172,3,175,4,108,0,0,0,0,0],"values":[6,39434,16128,4096,7683,44035,44804,27648,0,0]}
From: 007d Recieved:  6,39434,16128,4096,7683,44035,44804,27648,0,0 1367023734759

data: {"type":"RF Data","remote16":{"dec":[0,7],"hex":"0007"},"RSSI":82,"options":0,"raw_data":[6,202,9,8,0,18,0,47,10,74,10,83,12,105,0,0,0,0,0,0],"data":"\u0006Ê\t\b\u0000\u0012\u0000/\nJ\nS\fi\u0000\u0000\u0000\u0000\u0000\u0000","bytes":[129,0,7,82,0,6,202,9,8,0,18,0,47,10,74,10,83,12,105,0,0,0,0,0,0],"values":[1738,2312,18,47,2634,2643,3177,0,0,0]}
From: 0007 Recieved:  1738,2312,18,47,2634,2643,3177,0,0,0 1367023736475

data: {"type":"RF Data","remote16":{"dec":[0,125],"hex":"007d"},"RSSI":51,"options":71,"raw_data":[0,6,115,9,57,0,16,0,27,3,173,3,176,4,109,0,0,0,0,0],"data":"\u0000\u0006s\t9\u0000\u0010\u0000\u001b\u0003­\u0003°\u0004m\u0000\u0000\u0000\u0000\u0000","bytes":[129,0,125,51,71,0,6,115,9,57,0,16,0,27,3,173,3,176,4,109,0,0,0,0,0],"values":[6,29449,14592,4096,6915,44291,45060,27904,0,0]}
From: 007d Recieved:  6,29449,14592,4096,6915,44291,45060,27904,0,0 1367023738534

data: {"type":"RF Data","remote16":{"dec":[0,7],"hex":"0007"},"RSSI":67,"options":0,"raw_data":[6,207,10,6,0,125,49,0,98,10,86,10,96,12,118,0,0,0,0,0],"data":"\u0006Ï\n\u0006\u0000}1\u0000b\nV\n`\fv\u0000\u0000\u0000\u0000\u0000","bytes":[129,0,7,67,0,6,207,10,6,0,125,49,0,98,10,86,10,96,12,118,0,0,0,0,0],"values":[1743,2566,125,12544,25098,22026,24588,30208,0,0]}
From: 0007 Recieved:  1743,2566,125,12544,25098,22026,24588,30208,0,0 1367023740256

data: {"type":"RF Data","remote16":{"dec":[0,125],"hex":"007d"},"RSSI":51,"options":73,"raw_data":[0,6,148,11,3,0,16,0,27,3,171,3,174,4,107,0,0,0,0,0],"data":"\u0000\u0006\u000b\u0003\u0000\u0010\u0000\u001b\u0003«\u0003®\u0004k\u0000\u0000\u0000\u0000\u0000","bytes":[129,0,125,51,73,0,6,148,11,3,0,16,0,27,3,171,3,174,4,107,0,0,0,0,0],"values":[6,37899,768,4096,6915,43779,44548,27392,0,0]}
From: 007d Recieved:  6,37899,768,4096,6915,43779,44548,27392,0,0 1367023742308

data: {"type":"RF Data","remote16":{"dec":[0,7],"hex":"0007"},"RSSI":70,"options":0,"raw_data":[6,32,10,35,0,125,49,0,40,10,87,10,87,12,95,0,0,0,0,0],"data":"\u0006 \n#\u0000}1\u0000(\nW\nW\f_\u0000\u0000\u0000\u0000\u0000","bytes":[129,0,7,70,0,6,32,10,35,0,125,49,0,40,10,87,10,87,12,95,0,0,0,0,0],"values":[1568,2595,125,12544,10250,22282,22284,24320,0,0]}
From: 0007 Recieved:  1568,2595,125,12544,10250,22282,22284,24320,0,0 1367023744037

